450439217
410413463
954465785
414722701
774573529
936949473
494059327
19326685
781908679
1798046427
327387981
402299814
54235097
1104643500
574427497
1063717088
85565972
424772783
337554917
354965864
47407845
627387103
1534703468
278005381
137026740
438071800
748891805
361797195
365616731
417649376
17435366
44877802
360133349
4043331
314945997
1124016157
591478961
363351793
1772136914
379679898
675120934
442504636
383809406
336792
625351438
3307044
382101194
627916675
455123655
154202510
48496649
576180362
821877473
303304744
312930743
45488204
947306915
1070986502
57630279
282956645
345332075
540651417
353787169
21852365
782533579
671746116
814367255
418092259
269765816
865076391
1743814639
623709850
1012761894
441622353
254648096
272977695
717688660
782453138
14943559
454683881
675727355
651010529
907282531
191128319
448705597
849560636
478303169
641230082
43937232
962927899
380244636
1129190846
116433173
79859679
80210571
170527916
444563922
450439217
410413463
954465785
414722701
774573529
936949473
494059327
19326685
781908679
1798046427
327387981
402299814
54235097
1104643500
574427497
1063717088
85565972
424772783
337554917
354965864
47407845
627387103
1534703468
278005381
137026740
438071800
748891805
361797195
365616731
417649376
17435366
44877802
360133349
4043331
314945997
1124016157
591478961
363351793
1772136914
379679898
675120934
442504636
383809406
336792
625351438
3307044
382101194
627916675
455123655
154202510
48496649
576180362
821877473
303304744
312930743
45488204
947306915
1070986502
57630279
282956645
345332075
540651417
353787169
21852365
782533579
671746116
814367255
418092259
269765816
865076391
1743814639
623709850
1012761894
441622353
254648096
272977695
717688660
782453138
14943559
454683881
675727355
651010529
907282531
191128319
448705597
849560636
478303169
641230082
43937232
962927899
380244636
1129190846
116433173
79859679
80210571
170527916
444563922
6547399
27110296
1517424
28534928
1517424
464508324
1204732707
137990973
20688554
635588951
4966074
542007420
2402914235
1034182769
306376661
190794229
81372241
970691564
443126097
731439771
334287540
164094501
995781219
807378803
492567587
61840254
17359302
291814286
214593935
296173799
592082002
123642111
66140727
1418086022
547024179
670068197
34347679
69809179
960995986
956651844
303120901
282301029
466384313
747422619
2865284214
594358203
1253589120
1334071613
363772314
1034078299
1007707385
893095629
906123347
598067494
447887013
1517424
47187104
409461654
460072907
1204732707
41525535
275682782
49049742
454652181
52538856
762353461
2508299397
911459987
2546808550
1824111578
470731620
562154765
460977001
190794229
417649376
741100974
835791013
619154973
402213972
39290253
357199123
331811528
943015742
895379395
1205772714
531775843
771433251
413025796
526145085
984751628
814147044
410451298
17359302
448186941
846761396
895503050
752469454
1021906579
815055427
1091173405
83328885
3656669
359249974
617037682
1455692236
736564308
762874597
395742376
578511424
11831185
1151366998
1032518718
673993843
569621193
894212439
117917962
49107574
1071384493
249607297
490871114
532470079
383654511
147023981
884149049
64932178
47407845
45812371
165270034
474632885
1085825
444186995
457718368
2643372102
1187405036
1354676447
200703466
835151033
44920614
19870518
176459938
478715921
67753428
464508324
1204732707
137990973
20688554
635588951
4966074
542007420
2402914235
1034182769
306376661
190794229
81372241
970691564
443126097
731439771
334287540
164094501
995781219
807378803
492567587
61840254
17359302
291814286
214593935
296173799
592082002
123642111
66140727
1418086022
547024179
670068197
34347679
69809179
960995986
956651844
303120901
282301029
466384313
747422619
2865284214
594358203
1253589120
1334071613
363772314
1034078299
1007707385
893095629
906123347
598067494
447887013
450439217
410413463
954465785
414722701
774573529
936949473
494059327
19326685
781908679
1798046427
327387981
402299814
54235097
1104643500
574427497
1063717088
85565972
424772783
337554917
354965864
47407845
627387103
1534703468
278005381
137026740
438071800
748891805
361797195
365616731
417649376
17435366
44877802
360133349
4043331
314945997
1124016157
591478961
363351793
1772136914
379679898
675120934
442504636
383809406
336792
625351438
3307044
382101194
627916675
455123655
154202510
48496649
576180362
821877473
303304744
312930743
45488204
947306915
1070986502
57630279
282956645
345332075
540651417
353787169
21852365
782533579
671746116
814367255
418092259
269765816
865076391
1743814639
623709850
1012761894
441622353
254648096
272977695
717688660
782453138
14943559
454683881
675727355
651010529
907282531
191128319
448705597
849560636
478303169
641230082
43937232
962927899
380244636
1129190846
116433173
79859679
80210571
170527916
444563922
1517424
26654506
464508324
1204732707
137990973
20688554
635588951
4966074
542007420
2402914235
1034182769
306376661
190794229
81372241
970691564
443126097
731439771
334287540
164094501
995781219
807378803
492567587
61840254
17359302
291814286
214593935
296173799
592082002
123642111
66140727
1418086022
547024179
670068197
34347679
69809179
960995986
956651844
303120901
282301029
466384313
747422619
2865284214
594358203
1253589120
1334071613
363772314
1034078299
1007707385
893095629
906123347
598067494
447887013
464508324
1204732707
137990973
20688554
635588951
4966074
542007420
2402914235
1034182769
306376661
190794229
81372241
970691564
443126097
731439771
334287540
164094501
995781219
807378803
492567587
61840254
17359302
291814286
214593935
296173799
592082002
123642111
66140727
1418086022
547024179
670068197
34347679
69809179
960995986
956651844
303120901
282301029
466384313
747422619
2865284214
594358203
1253589120
1334071613
363772314
1034078299
1007707385
893095629
906123347
598067494
447887013
47407845
464508324
1204732707
137990973
20688554
635588951
4966074
542007420
2402914235
1034182769
306376661
190794229
81372241
970691564
443126097
731439771
334287540
164094501
995781219
807378803
492567587
61840254
17359302
291814286
214593935
296173799
592082002
123642111
66140727
1418086022
547024179
670068197
34347679
69809179
960995986
956651844
303120901
282301029
466384313
747422619
2865284214
594358203
1253589120
1334071613
363772314
1034078299
1007707385
893095629
906123347
598067494
447887013
464508324
1204732707
137990973
20688554
635588951
4966074
542007420
2402914235
1034182769
306376661
190794229
81372241
970691564
443126097
731439771
334287540
164094501
995781219
807378803
492567587
61840254
17359302
291814286
214593935
296173799
592082002
123642111
66140727
1418086022
547024179
670068197
34347679
69809179
960995986
956651844
303120901
282301029
466384313
747422619
2865284214
594358203
1253589120
1334071613
363772314
1034078299
1007707385
893095629
906123347
598067494
447887013
464508324
1204732707
137990973
20688554
635588951
4966074
542007420
2402914235
1034182769
306376661
190794229
81372241
970691564
443126097
731439771
334287540
164094501
995781219
807378803
492567587
61840254
17359302
291814286
214593935
296173799
592082002
123642111
66140727
1418086022
547024179
670068197
34347679
69809179
960995986
956651844
303120901
282301029
466384313
747422619
2865284214
594358203
1253589120
1334071613
363772314
1034078299
1007707385
893095629
906123347
598067494
447887013
464508324
1204732707
137990973
20688554
635588951
4966074
542007420
2402914235
1034182769
306376661
190794229
81372241
970691564
443126097
731439771
334287540
164094501
995781219
807378803
492567587
61840254
17359302
291814286
214593935
296173799
592082002
123642111
66140727
1418086022
547024179
670068197
34347679
69809179
960995986
956651844
303120901
282301029
466384313
747422619
2865284214
594358203
1253589120
1334071613
363772314
1034078299
1007707385
893095629
906123347
598067494
447887013
464508324
1204732707
137990973
20688554
635588951
4966074
542007420
2402914235
1034182769
306376661
190794229
81372241
970691564
443126097
731439771
334287540
164094501
995781219
807378803
492567587
61840254
17359302
291814286
214593935
296173799
592082002
123642111
66140727
1418086022
547024179
670068197
34347679
69809179
960995986
956651844
303120901
282301029
466384313
747422619
2865284214
594358203
1253589120
1334071613
363772314
1034078299
1007707385
893095629
906123347
598067494
447887013
464508324
1204732707
137990973
20688554
635588951
4966074
542007420
2402914235
1034182769
306376661
190794229
81372241
970691564
443126097
731439771
334287540
164094501
995781219
807378803
492567587
61840254
17359302
291814286
214593935
296173799
592082002
123642111
66140727
1418086022
547024179
670068197
34347679
69809179
960995986
956651844
303120901
282301029
466384313
747422619
2865284214
594358203
1253589120
1334071613
363772314
1034078299
1007707385
893095629
906123347
598067494
447887013
360133349
455123655
402299814
417649376
814367255
418092259
454683881
821877473
774573529
382101194
1534703468
14943559
478303169
1012761894
424772783
947306915
272977695
116433173
327387981
625351438
383809406
353787169
380244636
717688660
675727355
651010529
379679898
450439217
363351793
782453138
748891805
962927899
4043331
444563922
494059327
623709850
414722701
627387103
576180362
254648096
1772136914
361797195
278005381
365616731
1104643500
314945997
591478961
43937232
345332075
410413463
191128319
782533579
269765816
441622353
1798046427
354965864
137026740
54235097
282956645
19326685
954465785
1063717088
3307044
154202510
1070986502
574427497
303304744
44877802
641230082
45488204
907282531
671746116
79859679
540651417
337554917
48496649
85565972
675120934
1743814639
1129190846
442504636
781908679
57630279
627916675
936949473
47407845
438071800
17435366
170527916
312930743
448705597
336792
80210571
849560636
865076391
1124016157
21852365
46314046
1517424
670068197
635588951
547024179
190794229
334287540
2402914235
1204732707
2865284214
443126097
61840254
1418086022
807378803
20688554
747422619
34347679
447887013
1034078299
291814286
214593935
960995986
1007707385
69809179
970691564
594358203
1253589120
1034182769
123642111
17359302
906123347
598067494
296173799
995781219
956651844
363772314
66140727
542007420
492567587
81372241
306376661
466384313
4966074
893095629
1334071613
137990973
303120901
164094501
731439771
464508324
592082002
282301029
670068197
635588951
547024179
190794229
334287540
2402914235
1204732707
2865284214
443126097
61840254
1418086022
807378803
20688554
747422619
34347679
447887013
1034078299
291814286
214593935
960995986
1007707385
69809179
970691564
594358203
1253589120
1034182769
123642111
17359302
906123347
598067494
296173799
995781219
956651844
363772314
66140727
542007420
492567587
81372241
306376661
466384313
4966074
893095629
1334071613
137990973
303120901
164094501
731439771
464508324
592082002
282301029
50236232
39735164
53916686
51747914
56945317
51787933
55983562
40991751
1517424
670068197
635588951
547024179
190794229
334287540
2402914235
1204732707
2865284214
443126097
61840254
1418086022
807378803
20688554
747422619
34347679
447887013
1034078299
291814286
214593935
960995986
1007707385
69809179
970691564
594358203
1253589120
1034182769
123642111
17359302
906123347
598067494
296173799
995781219
956651844
363772314
66140727
542007420
492567587
81372241
306376661
466384313
4966074
893095629
1334071613
137990973
303120901
164094501
731439771
464508324
592082002
282301029
27471095
1517424
670068197
635588951
547024179
190794229
334287540
2402914235
1204732707
2865284214
443126097
61840254
1418086022
807378803
20688554
747422619
34347679
447887013
1034078299
291814286
214593935
960995986
1007707385
69809179
970691564
594358203
1253589120
1034182769
123642111
17359302
906123347
598067494
296173799
995781219
956651844
363772314
66140727
542007420
492567587
81372241
306376661
466384313
4966074
893095629
1334071613
137990973
303120901
164094501
731439771
464508324
592082002
282301029
670068197
635588951
547024179
190794229
334287540
2402914235
1204732707
2865284214
443126097
61840254
1418086022
807378803
20688554
747422619
34347679
447887013
1034078299
291814286
214593935
960995986
1007707385
69809179
970691564
594358203
1253589120
1034182769
123642111
17359302
906123347
598067494
296173799
995781219
956651844
363772314
66140727
542007420
492567587
81372241
306376661
466384313
4966074
893095629
1334071613
137990973
303120901
164094501
731439771
464508324
592082002
282301029
128914770
43408262
1517424
3791711
1517424
670068197
635588951
547024179
190794229
334287540
2402914235
1204732707
2865284214
443126097
61840254
1418086022
807378803
20688554
747422619
34347679
447887013
1034078299
291814286
214593935
960995986
1007707385
69809179
970691564
594358203
1253589120
1034182769
123642111
17359302
906123347
598067494
296173799
995781219
956651844
363772314
66140727
542007420
492567587
81372241
306376661
466384313
4966074
893095629
1334071613
137990973
303120901
164094501
731439771
464508324
592082002
282301029
13456789
56336532
55703613
40632245
52921709
2640109
46939324
51445940
47058104
51510840
51992553
53979640
1517424
3538321
1517424
670068197
635588951
547024179
190794229
334287540
2402914235
1204732707
2865284214
443126097
61840254
1418086022
807378803
20688554
747422619
34347679
447887013
1034078299
291814286
214593935
960995986
1007707385
69809179
970691564
594358203
1253589120
1034182769
123642111
17359302
906123347
598067494
296173799
995781219
956651844
363772314
66140727
542007420
492567587
81372241
306376661
466384313
4966074
893095629
1334071613
137990973
303120901
164094501
731439771
464508324
592082002
282301029
47407845
360133349
455123655
402299814
417649376
814367255
418092259
454683881
821877473
774573529
382101194
1534703468
14943559
478303169
1012761894
424772783
947306915
272977695
116433173
327387981
625351438
383809406
353787169
380244636
717688660
675727355
651010529
379679898
450439217
363351793
782453138
748891805
962927899
4043331
444563922
494059327
623709850
414722701
627387103
576180362
254648096
1772136914
361797195
278005381
365616731
1104643500
314945997
591478961
43937232
345332075
410413463
191128319
782533579
269765816
441622353
1798046427
354965864
137026740
54235097
282956645
19326685
954465785
1063717088
3307044
154202510
1070986502
574427497
303304744
44877802
641230082
45488204
907282531
671746116
79859679
540651417
337554917
48496649
85565972
675120934
1743814639
1129190846
442504636
781908679
57630279
627916675
936949473
47407845
438071800
17435366
170527916
312930743
448705597
336792
80210571
849560636
865076391
1124016157
21852365
670068197
635588951
547024179
190794229
334287540
2402914235
1204732707
2865284214
443126097
61840254
1418086022
807378803
20688554
747422619
34347679
447887013
1034078299
291814286
214593935
960995986
1007707385
69809179
970691564
594358203
1253589120
1034182769
123642111
17359302
906123347
598067494
296173799
995781219
956651844
363772314
66140727
542007420
492567587
81372241
306376661
466384313
4966074
893095629
1334071613
137990973
303120901
164094501
731439771
464508324
592082002
282301029
2869316
1517424
670068197
635588951
547024179
190794229
334287540
2402914235
1204732707
2865284214
443126097
61840254
1418086022
807378803
20688554
747422619
34347679
447887013
1034078299
291814286
214593935
960995986
1007707385
69809179
970691564
594358203
1253589120
1034182769
123642111
17359302
906123347
598067494
296173799
995781219
956651844
363772314
66140727
542007420
492567587
81372241
306376661
466384313
4966074
893095629
1334071613
137990973
303120901
164094501
731439771
464508324
592082002
282301029
1517424
47187104
1517424
670068197
635588951
547024179
190794229
334287540
2402914235
1204732707
2865284214
443126097
61840254
1418086022
807378803
20688554
747422619
34347679
447887013
1034078299
291814286
214593935
960995986
1007707385
69809179
970691564
594358203
1253589120
1034182769
123642111
17359302
906123347
598067494
296173799
995781219
956651844
363772314
66140727
542007420
492567587
81372241
306376661
466384313
4966074
893095629
1334071613
137990973
303120901
164094501
731439771
464508324
592082002
282301029
4012013
1517424
129353698
1517424
1517424
670068197
635588951
547024179
190794229
334287540
2402914235
1204732707
2865284214
443126097
61840254
1418086022
807378803
20688554
747422619
34347679
447887013
1034078299
291814286
214593935
960995986
1007707385
69809179
970691564
594358203
1253589120
1034182769
123642111
17359302
906123347
598067494
296173799
995781219
956651844
363772314
66140727
542007420
492567587
81372241
306376661
466384313
4966074
893095629
1334071613
137990973
303120901
164094501
731439771
464508324
592082002
282301029
670068197
635588951
547024179
190794229
334287540
2402914235
1204732707
2865284214
443126097
61840254
1418086022
807378803
20688554
747422619
34347679
447887013
1034078299
291814286
214593935
960995986
1007707385
69809179
970691564
594358203
1253589120
1034182769
123642111
17359302
906123347
598067494
296173799
995781219
956651844
363772314
66140727
542007420
492567587
81372241
306376661
466384313
4966074
893095629
1334071613
137990973
303120901
164094501
731439771
464508324
592082002
282301029
670068197
635588951
547024179
190794229
334287540
2402914235
1204732707
2865284214
443126097
61840254
1418086022
807378803
20688554
747422619
34347679
447887013
1034078299
291814286
214593935
960995986
1007707385
69809179
970691564
594358203
1253589120
1034182769
123642111
17359302
906123347
598067494
296173799
995781219
956651844
363772314
66140727
542007420
492567587
81372241
306376661
466384313
4966074
893095629
1334071613
137990973
303120901
164094501
731439771
464508324
592082002
282301029
670068197
635588951
547024179
190794229
334287540
2402914235
1204732707
2865284214
443126097
61840254
1418086022
807378803
20688554
747422619
34347679
447887013
1034078299
291814286
214593935
960995986
1007707385
69809179
970691564
594358203
1253589120
1034182769
123642111
17359302
906123347
598067494
296173799
995781219
956651844
363772314
66140727
542007420
492567587
81372241
306376661
466384313
4966074
893095629
1334071613
137990973
303120901
164094501
731439771
464508324
592082002
282301029
670068197
635588951
547024179
190794229
334287540
2402914235
1204732707
2865284214
443126097
61840254
1418086022
807378803
20688554
747422619
34347679
447887013
1034078299
291814286
214593935
960995986
1007707385
69809179
970691564
594358203
1253589120
1034182769
123642111
17359302
906123347
598067494
296173799
995781219
956651844
363772314
66140727
542007420
492567587
81372241
306376661
466384313
4966074
893095629
1334071613
137990973
303120901
164094501
731439771
464508324
592082002
282301029
42250822
1517424
670068197
635588951
547024179
190794229
334287540
2402914235
1204732707
2865284214
443126097
61840254
1418086022
807378803
20688554
747422619
34347679
447887013
1034078299
291814286
214593935
960995986
1007707385
69809179
970691564
594358203
1253589120
1034182769
123642111
17359302
906123347
598067494
296173799
995781219
956651844
363772314
66140727
542007420
492567587
81372241
306376661
466384313
4966074
893095629
1334071613
137990973
303120901
164094501
731439771
464508324
592082002
282301029
670068197
635588951
547024179
190794229
334287540
2402914235
1204732707
2865284214
443126097
61840254
1418086022
807378803
20688554
747422619
34347679
447887013
1034078299
291814286
214593935
960995986
1007707385
69809179
970691564
594358203
1253589120
1034182769
123642111
17359302
906123347
598067494
296173799
995781219
956651844
363772314
66140727
542007420
492567587
81372241
306376661
466384313
4966074
893095629
1334071613
137990973
303120901
164094501
731439771
464508324
592082002
282301029
670068197
635588951
547024179
190794229
334287540
2402914235
1204732707
2865284214
443126097
61840254
1418086022
807378803
20688554
747422619
34347679
447887013
1034078299
291814286
214593935
960995986
1007707385
69809179
970691564
594358203
1253589120
1034182769
123642111
17359302
906123347
598067494
296173799
995781219
956651844
363772314
66140727
542007420
492567587
81372241
306376661
466384313
4966074
893095629
1334071613
137990973
303120901
164094501
731439771
464508324
592082002
282301029
41963497
1517424
670068197
635588951
547024179
190794229
334287540
2402914235
1204732707
2865284214
443126097
61840254
1418086022
807378803
20688554
747422619
34347679
447887013
1034078299
291814286
214593935
960995986
1007707385
69809179
970691564
594358203
1253589120
1034182769
123642111
17359302
906123347
598067494
296173799
995781219
956651844
363772314
66140727
542007420
492567587
81372241
306376661
466384313
4966074
893095629
1334071613
137990973
303120901
164094501
731439771
464508324
592082002
282301029
670068197
635588951
547024179
190794229
334287540
2402914235
1204732707
2865284214
443126097
61840254
1418086022
807378803
20688554
747422619
34347679
447887013
1034078299
291814286
214593935
960995986
1007707385
69809179
970691564
594358203
1253589120
1034182769
123642111
17359302
906123347
598067494
296173799
995781219
956651844
363772314
66140727
542007420
492567587
81372241
306376661
466384313
4966074
893095629
1334071613
137990973
303120901
164094501
731439771
464508324
592082002
282301029
670068197
635588951
547024179
190794229
334287540
2402914235
1204732707
2865284214
443126097
61840254
1418086022
807378803
20688554
747422619
34347679
447887013
1034078299
291814286
214593935
960995986
1007707385
69809179
970691564
594358203
1253589120
1034182769
123642111
17359302
906123347
598067494
296173799
995781219
956651844
363772314
66140727
542007420
492567587
81372241
306376661
466384313
4966074
893095629
1334071613
137990973
303120901
164094501
731439771
464508324
592082002
282301029
1517424
670068197
635588951
547024179
190794229
334287540
2402914235
1204732707
2865284214
443126097
61840254
1418086022
807378803
20688554
747422619
34347679
447887013
1034078299
291814286
214593935
960995986
1007707385
69809179
970691564
594358203
1253589120
1034182769
123642111
17359302
906123347
598067494
296173799
995781219
956651844
363772314
66140727
542007420
492567587
81372241
306376661
466384313
4966074
893095629
1334071613
137990973
303120901
164094501
731439771
464508324
592082002
282301029
1517424
3264664
670068197
635588951
547024179
190794229
334287540
2402914235
1204732707
2865284214
443126097
61840254
1418086022
807378803
20688554
747422619
34347679
447887013
1034078299
291814286
214593935
960995986
1007707385
69809179
970691564
594358203
1253589120
1034182769
123642111
17359302
906123347
598067494
296173799
995781219
956651844
363772314
66140727
542007420
492567587
81372241
306376661
466384313
4966074
893095629
1334071613
137990973
303120901
164094501
731439771
464508324
592082002
282301029
360133349
455123655
402299814
417649376
814367255
418092259
454683881
821877473
774573529
382101194
1534703468
14943559
478303169
1012761894
424772783
947306915
272977695
116433173
327387981
625351438
383809406
353787169
380244636
717688660
675727355
651010529
379679898
450439217
363351793
782453138
748891805
962927899
4043331
444563922
494059327
623709850
414722701
627387103
576180362
254648096
1772136914
361797195
278005381
365616731
1104643500
314945997
591478961
43937232
345332075
410413463
191128319
782533579
269765816
441622353
1798046427
354965864
137026740
54235097
282956645
19326685
954465785
1063717088
3307044
154202510
1070986502
574427497
303304744
44877802
641230082
45488204
907282531
671746116
79859679
540651417
337554917
48496649
85565972
675120934
1743814639
1129190846
442504636
781908679
57630279
627916675
936949473
47407845
438071800
17435366
170527916
312930743
448705597
336792
80210571
849560636
865076391
1124016157
21852365
129383688
670068197
635588951
547024179
190794229
334287540
2402914235
1204732707
2865284214
443126097
61840254
1418086022
807378803
20688554
747422619
34347679
447887013
1034078299
291814286
214593935
960995986
1007707385
69809179
970691564
594358203
1253589120
1034182769
123642111
17359302
906123347
598067494
296173799
995781219
956651844
363772314
66140727
542007420
492567587
81372241
306376661
466384313
4966074
893095629
1334071613
137990973
303120901
164094501
731439771
464508324
592082002
282301029
670068197
635588951
547024179
190794229
334287540
2402914235
1204732707
2865284214
443126097
61840254
1418086022
807378803
20688554
747422619
34347679
447887013
1034078299
291814286
214593935
960995986
1007707385
69809179
970691564
594358203
1253589120
1034182769
123642111
17359302
906123347
598067494
296173799
995781219
956651844
363772314
66140727
542007420
492567587
81372241
306376661
466384313
4966074
893095629
1334071613
137990973
303120901
164094501
731439771
464508324
592082002
282301029
200046
6547399
3878007
670068197
635588951
547024179
190794229
334287540
2402914235
1204732707
2865284214
443126097
61840254
1418086022
807378803
20688554
747422619
34347679
447887013
1034078299
291814286
214593935
960995986
1007707385
69809179
970691564
594358203
1253589120
1034182769
123642111
17359302
906123347
598067494
296173799
995781219
956651844
363772314
66140727
542007420
492567587
81372241
306376661
466384313
4966074
893095629
1334071613
137990973
303120901
164094501
731439771
464508324
592082002
282301029
670068197
635588951
547024179
190794229
334287540
2402914235
1204732707
2865284214
443126097
61840254
1418086022
807378803
20688554
747422619
34347679
447887013
1034078299
291814286
214593935
960995986
1007707385
69809179
970691564
594358203
1253589120
1034182769
123642111
17359302
906123347
598067494
296173799
995781219
956651844
363772314
66140727
542007420
492567587
81372241
306376661
466384313
4966074
893095629
1334071613
137990973
303120901
164094501
731439771
464508324
592082002
282301029
128914770
1517424
27184630
1517424
670068197
635588951
547024179
190794229
334287540
2402914235
1204732707
2865284214
443126097
61840254
1418086022
807378803
20688554
747422619
34347679
447887013
1034078299
291814286
214593935
960995986
1007707385
69809179
970691564
594358203
1253589120
1034182769
123642111
17359302
906123347
598067494
296173799
995781219
956651844
363772314
66140727
542007420
492567587
81372241
306376661
466384313
4966074
893095629
1334071613
137990973
303120901
164094501
731439771
464508324
592082002
282301029
873081486
350714333
757702858
493175519
59570969
1065964817
372824629
827785657
617037682
609116556
462717455
275046667
997117559
174179306
1516584
361787091
183643357
503910163
592131426
759934842
994368867
81402723
375846784
717688660
601470343
384345853
332892869
82982354440
793175519
553866918
37100905
625148270
276140882
291157628
860444939
44767939
37982960
441848722
3761862626
476272815
257982
12005720
531310940
752365550
806632532
617382559
17359302
841918553
396720717
578062038
350920871
352695370
695062257
363351793
1256392292
438868283
382101194
582839952
34146293
50858576
158513694
540774104
408752818
63088752
7924820520
261865312
444286697
395036275
1792721056
3418117
597529884
49500092
234786420
282035546
71768866000
381387126
343704979
93175519
517490086
2225874115
739124851
151417997
359169692
385166178
670068197
635588951
547024179
190794229
334287540
2402914235
1204732707
2865284214
443126097
61840254
1418086022
807378803
20688554
747422619
34347679
447887013
1034078299
291814286
214593935
960995986
1007707385
69809179
970691564
594358203
1253589120
1034182769
123642111
17359302
906123347
598067494
296173799
995781219
956651844
363772314
66140727
542007420
492567587
81372241
306376661
466384313
4966074
893095629
1334071613
137990973
303120901
164094501
731439771
464508324
592082002
282301029
670068197
635588951
547024179
190794229
334287540
2402914235
1204732707
2865284214
443126097
61840254
1418086022
807378803
20688554
747422619
34347679
447887013
1034078299
291814286
214593935
960995986
1007707385
69809179
970691564
594358203
1253589120
1034182769
123642111
17359302
906123347
598067494
296173799
995781219
956651844
363772314
66140727
542007420
492567587
81372241
306376661
466384313
4966074
893095629
1334071613
137990973
303120901
164094501
731439771
464508324
592082002
282301029
670068197
635588951
547024179
190794229
334287540
2402914235
1204732707
2865284214
443126097
61840254
1418086022
807378803
20688554
747422619
34347679
447887013
1034078299
291814286
214593935
960995986
1007707385
69809179
970691564
594358203
1253589120
1034182769
123642111
17359302
906123347
598067494
296173799
995781219
956651844
363772314
66140727
542007420
492567587
81372241
306376661
466384313
4966074
893095629
1334071613
137990973
303120901
164094501
731439771
464508324
592082002
282301029
13456789
670068197
635588951
547024179
190794229
334287540
2402914235
1204732707
2865284214
443126097
61840254
1418086022
807378803
20688554
747422619
34347679
447887013
1034078299
291814286
214593935
960995986
1007707385
69809179
970691564
594358203
1253589120
1034182769
123642111
17359302
906123347
598067494
296173799
995781219
956651844
363772314
66140727
542007420
492567587
81372241
306376661
466384313
4966074
893095629
1334071613
137990973
303120901
164094501
731439771
464508324
592082002
282301029
2349788
1517424
